00000000000001110000000000000000
00000000000111111100000000000000
00000000000111111100000000000000
00000000000111111110000000000000
00000000001111111111000000000000
00000000111111111110000000000000
00000000111111111110000000000000
00000000011111110000000000000000
00000001111111000000000000000000
00000001111111000000000000000000
00000011111110000010000000000000
00000001111110011111111000000000
00000001111110111111111000000000
00000001111100111111111100000000
00000011111100111111111100000000
00000001111100011111111111000000
00000001111000011111111111000000
00000001111000001100011111000000
00000000111000000000000111100000
00000000111000000000000011100000
00000000111000000000000011100000
00000001111100000000000011100000
00000000111110000000000001110000
00000000011110000000000011110000
00000000011111100000011111110000
00000000011111111111111111110000
00000000001111111111111111110000
00000000000111111111111111110000
00000000000111111111111111100000
00000000000111111111111111000000
00000000000000111111111111000000
00000000000000000111111100000000
0

00000000000000001000000000000000
00000000000001111111000000000000
00000000000011111111000000000000
00000000000111111111100000000000
00000000001111111111100000000000
00000000011111111111110000000000
00000000011111100001111100000000
00000000011111000000111100000000
00000000111110000000011100000000
00000000111110000000011100000000
00000001111100000000001110000000
00000001111100000000001110000000
00000011111000000000001110000000
00000001111000000000000111000000
00000001111000000000000111000000
00000001111000000000000111000000
00000011110000000000000111000000
00000011110000000000000111000000
00000011110000000000000111000000
00000011110000000000000111000000
00000001111000000000000111000000
00000001111000000000000111000000
00000000111000000000000111000000
00000000111000000000111110000000
00000000111000000000111110000000
00000000111100000011111110000000
00000000111110000011111100000000
00000000001111111111111100000000
00000000001111111111111100000000
00000000000011111111100000000000
00000000000011111111000000000000
00000000000001111100000000000000
0

00000000000000110000000000000000
00000000000111111111000000000000
00000000011111111111111110000000
00000000000111111111111110000000
00000000000111111111111111100000
00000000000000111111111111100000
00000000000000111111111111100000
00000000000000111111111111100000
00000000000000111111111110000000
00000000000111111111111110000000
00000000001111111111111100000000
00000000001111111111111100000000
00000000001111111111111100000000
00000000001111111111111100000000
00000000111111111111110000000000
00000000001111111111110000000000
00000000111111111111110000000000
00000011111111111111110000000000
00000011111111111110000000000000
00000011111111111110000000000000
00000011111111111110000000000000
00000011111111111110000000000000
00000011111111111110000000000000
00000111111111111100000000000000
00000001111111111100000000000000
00000111111111110000000000000000
00000111111111111100000000000000
00000111111111111100000000000000
00000001111111111100000000000000
00000000011111111100000000000000
00000000011111111111111000000000
00000000000000111111100000000000
1

00000000000001111100000000000000
00000000000011111100000000000000
00000000000011111111000000000000
00000000000111111111000000000000
00000000000111111111000000000000
00000000001111111111000000000000
00000000000111111111000000000000
00000000001111111110000000000000
00000000000111111110000000000000
00000000001111111100000000000000
00000000000111111100000000000000
00000000000111111100000000000000
00000000000111111100000000000000
00000000001111111000000000000000
00000000000111111100000000000000
00000000000111111000000000000000
00000000000111111100000000000000
00000000000111111100000000000000
00000000000111111100000000000000
00000000000011111100000000000000
00000000000111111100000000000000
00000000000011111100000000000000
00000000000111111100000000000000
00000000000011111100000000000000
00000000000011111100000000000000
00000000000011111110000000000000
00000000000111111100000000000000
00000000000011111100000000000000
00000000000111111100000000000000
00000000000011111100000000000000
00000000000001111000000000000000
00000000000000111000000000000000
1

00000000000000011111111111000000
00000000000011111111111111100000
00000000001111111111111111110000
00000000111111111111111111110000
00000001111111111111111111110000
00000001111111111110011111110000
00000011111111000000111111100000
00000011111100000000111111100000
00000001111000000001111111100000
00000000100000000011111111000000
00000000000000000111111110000000
00000000000000001111111100000000
00000000000000011111110000000000
00000000000000111111100000000000
00000000000001111111100000000000
00000000000011111111000000000000
00000000000011111110000000000000
00000000000011111110000000000000
00000000000111111100000000000000
00000000001111111000000000000000
00000000011111110000000000000000
00000000111111100000000000000000
00000000111111000000000000000000
00000000111111000000000000000000
00000000111111000000000000000000
00000000111111100000000000000000
00000000111111000000000000000000
00000000111111100000000000000000
00000000011111111111111100000000
00000000001111111111111110000000
00000000001111111111111000000000
00000000001111111111100000000000
2

00000000011111100000000000000000
00000000111111110000000000000000
00000001111111111100000000000000
00000001111111111110000000000000
00000001111111111111000000000000
00000001111111111111000000000000
00000001111000011111000000000000
00000001110000011111000000000000
00000000110000011111000000000000
00000000110000011111000000000000
00000000000000011111000000000000
00000000000000011111000000000000
00000000000000001111000000000000
00000000000000001111000000000000
00000000000000011111000000000000
00000000000000011110000000000000
00000000000000011110000000000000
00000000000000111110000000000000
00000000000001111100000000000000
00000000000001111100000000000000
00000000000011111000000000000000
00000000000001111100000000000000
00000000000111110000000000000000
00000000001111110000000000000000
00000000001111100000000000000000
00000000011111100000000000000000
00000000111111111111111111100000
00000001111111111111111111100000
00000001111111111111111111100000
00000001111111111111111111100000
00000000111111111100010000000000
00000000000100000000000000000000
2

00000000000000000011111111110000
00000000000000001111111111111000
00000000000000011111111111111100
00000000000011111111111111111100
00000000000111111111111111111100
00000000001111111111111111111100
00000000011111111111111111111100
00000000111111111110111111111000
00000001111111100000111111110000
00000001111111000000111111100000
00000001111110000000111111100000
00000001111000000001111111000000
00000000110000000001111111000000
00000000000000000001111111000000
00000000000000000001111111000000
00000000000000000011111110000000
00000000000000000001111110000000
00000000000000000001111110000000
00000000000000000001111100000000
00000000000000000001111100000000
00000000000000000001111100000000
00000000000000000001111110000000
00000000000000000011111100000000
00000000000000000011111100000000
00000000000000000111111100000000
00000000000000001111111100000000
00000000000000011111111000000000
00000000000000011111111000000000
00000000000000011111111000000000
00000000000000011111111000000000
00000000000000011111100000000000
00000000000000000111000000000000
3

00000000000000111111000000000000
00000000000011111111100000000000
00000000001111111111110000000000
00000000011111111111111000000000
00000000111111111111111100000000
00000000111111110011111100000000
00000001111111000001111100000000
00000001111000000000111000000000
00000000111000000001111000000000
00000000000000000001110000000000
00000000000000000111100000000000
00000000000000001111100000000000
00000000000000011111000000000000
00000000000000011111000000000000
00000000000000111111110000000000
00000000000000111111111000000000
00000000000000111111111100000000
00000000000000001111111100000000
00000000000000000111111110000000
00000000000000000000111111000000
00000000000000000000111111000000
00000000000000000000001111000000
00000000000000000000001111000000
00000000000000000000011110000000
00000000000000000000011110000000
00000000001100000000111110000000
00000000011111110111111110000000
00000000011111111111111100000000
00000000011111111111111000000000
00000000001111111111110000000000
00000000001111111111100000000000
00000000000001111000000000000000
3

00000000011111100000000000000000
00000000001111110000000000000000
00000000011111110000000000000000
00000000011111110000000000000000
00000000011111110000000000000000
00000000001111111000000000000000
00000000001111110000000000000000
00000000001111110000000000000000
00000000001111110000000000000000
00000000001111110000000000000000
00000000001111110000000000000000
00000000011111110000000000000000
00000000011111100000000000000000
00000000011111100000011100000000
00000000001111110000011111000000
00000000011111100000011111100000
00000000011111100000011111100000
00000000011111100000011111100000
00000000111111000000011111100000
00000000011111100000001111110000
00000000011111100000001111110000
00000000111111000000001111110000
00000001111111000011111111110000
00000000111111011111111111111000
00000001111111111111111111111000
00000001111111111111111111111000
00000001111111111111111111111000
00000001111111111111110111111000
00000000111111111111000011111100
00000000011111100000000011111100
00000000000000000000000011111100
00000000000000000000000001111000
4

00000000000000000100000000000000
00000000000000111000000000000000
00000000000000111100000000000000
00000000000000111110000000000000
00000000000001111110000000000000
00000000000011111000000000000000
00000000000111111000000000000000
00000000000111111000000000000000
00000000001111100000000000000000
00000000001111100000000000000000
00000000001111100000000000000000
00000000111111000001100000000000
00000000111111000001110000000000
00000001111111000011110000000000
00000001111110000111111000000000
00000011111100001111110000000000
00000011111111111111111000000000
00000011111111111111111110000000
00000111111111111111111100000000
00000001111111111111111110000000
00000001111111111111111100000000
00000000000000011111111100000000
00000000000000011111100000000000
00000000000000011111100000000000
00000000000000011111100000000000
00000000000000111111000000000000
00000000000000011111000000000000
00000000000000011111000000000000
00000000000001111110000000000000
00000000000000111100000000000000
00000000000000111110000000000000
00000000000000111110000000000000
4

00000000000000111110000000000000
00000000000111111111000000000000
00000000001111111111000000000000
00000000001111111111110000000000
00000000011111111111100000000000
00000000011111111111000000000000
00000000011111111110000000000000
00000000001111111000000000000000
00000000001111111100000000000000
00000000001111111110000000000000
00000000001111111111000000000000
00000000000111111111110000000000
00000000000111111111111000000000
00000000000011111111111100000000
00000000000001111111111100000000
00000000000000000011111111000000
00000000000000000000111111000000
00000000000000000000011111000000
00000000000000000000001111100000
00000000000000000000000111100000
00000000000000000000000111100000
00000000000000000000000111110000
00000000111100000000000011111000
00000001111110000000000011110000
00000001111100000000000111110000
00000001111111000000000111110000
00000000011111111000000111111000
00000000001111111111111111111000
00000000001111111111111111110000
00000000001111111111111111100000
00000000000011111111111111110000
00000000000000011111111111100000
5

00000000000000001001000000000000
00000000000111111111111000000000
00000000011111111111111110000000
00000000011111111111111111000000
00000000011111111111111111000000
00000000011111111000000110000000
00000000011111100000000000000000
00000000011111000000000000000000
00000000111110000000000000000000
00000000111110000000000000000000
00000000111110000000000000000000
00000001111111110000000000000000
00000001111111111000000000000000
00000001111111111110000000000000
00000011111111111111000000000000
00000001111111111111100000000000
00000000000000011111110000000000
00000000000000001111110000000000
00000000000000000011111000000000
00000000000000000011111000000000
00000000000000000001111000000000
00000000000000000000111100000000
00000000000000000000111100000000
00000000000000000000111000000000
00000000010000000001111000000000
00000000111000000001111000000000
00000000111000000011111000000000
00000000111111111111110000000000
00000000111111111111110000000000
00000000011111111111000000000000
00000000011111111110000000000000
00000000000011110000000000000000
5

00000000001111100000000000000000
00000000011111110000000000000000
00000000111111111000000000000000
00000000111111111110000000000000
00000001111111111110000000000000
00000011111111111110000000000000
00000011111100001110000000000000
00000111111000000100000000000000
00000011111000000000000000000000
00000111111000000000000000000000
00000111111000000000000000000000
00000111111000000000000000000000
00000111110000000000000000000000
00000111100000000000000000000000
00000111110000000000000000000000
00000111110000001111100000000000
00000111110000011111110000000000
00000111110001111111111100000000
00000111110011111111111110000000
00000011111101111111111111000000
00000001111111111111111111100000
00000001111111111100001111100000
00000001111111110000000111110000
00000001111111110000000011110000
00000001111111100000000011110000
00000000111111100000000001111000
00000000111111110000000001111000
00000000111111111000000111111000
00000000111111111111101111110000
00000000111111111111111111110000
00000000001111111111111111110000
00000000000000011111111111100000
6

00000000000000011100000000000000
00000000000000111110000000000000
00000000000001111111000000000000
00000000000001111111100000000000
00000000000011111111100000000000
00000000000011111110000000000000
00000000000111110000000000000000
00000000001111100000000000000000
00000000000111100000000000000000
00000000001111000000000000000000
00000000001111100000000000000000
00000000011111000000000000000000
00000000111110000000000000000000
00000000011110000000000000000000
00000000011110000000000000000000
00000000011111000000000000000000
00000000111111111000000000000000
00000000111111111110000000000000
00000000011111111111100000000000
00000000011111111111110000000000
00000000011111111111111100000000
00000000011111101011111100000000
00000000111110000000111100000000
00000000011111000000011110000000
00000000011110000000011110000000
00000000000111100000001111000000
00000000000111110000001111000000
00000000000011111100111111000000
00000000000001111111111111000000
00000000000001111111111110000000
00000000000000011111111110000000
00000000000000011111111100000000
6

00000000000000000001111000000000
00000000000000000001111100000000
00000000000000000011111100000000
00000000111000000011111100000000
00000001111111001111111100000000
00000011111111111111111100000000
00000111111111111111111100000000
00000111111111111111111000000000
00000111111111111111111000000000
00000011101111111111110000000000
00000000000000000111111000000000
00000000000000000111111000000000
00000000000000000111111000000000
00000000000000000111110000000000
00000000000000000111110000000000
00000000000111111111111111000000
00000000001111111111111111100000
00000000001111111111111111100000
00000000001111111111111111100000
00000000001111111111111111100000
00000000000111111111111111000000
00000000000011111111110000000000
00000000000000001111110000000000
00000000000000000111111000000000
00000000000000000111111000000000
00000000000000000111111000000000
00000000000000000111111000000000
00000000000000000111111000000000
00000000000000000011111000000000
00000000000000000011111000000000
00000000000000000011111100000000
00000000000000000011111000000000
7

00000000000001111111111000000000
00000000000111111111111100000000
00000000001111111111111110000000
00000000011111111111111110000000
00000000001111111111111111000000
00000000001111000011111110000000
00000000000000000000111111000000
00000000000000000000011111000000
00000000000000000000111110000000
00000000000000000000111110000000
00000000000000000000111110000000
00000000000000000000111100000000
00000000000000000001111100000000
00000000000000000001111100000000
00000000000011111111111111000000
00000000001111111111111111000000
00000000011111111111111111100000
00000000001111111111111111000000
00000000001111111111111100000000
00000000000000001111100000000000
00000000000000001111000000000000
00000000000000011111000000000000
00000000000000111110000000000000
00000000000000111110000000000000
00000000000001111100000000000000
00000000000011111000000000000000
00000000000011111000000000000000
00000000000111111000000000000000
00000000001111100000000000000000
00000000001111100000000000000000
00000000001111100000000000000000
00000000001111100000000000000000
7

00000000000000111100000000000000
00000000000001111110000000000000
00000000000111111111000000000000
00000000001111111111110000000000
00000000111111100011110000000000
00000001111111100011110000000000
00000011111111100011110000000000
00000111111110111111110000000000
00000011111100111111111000000000
00000011111100111111110000000000
00000011111011111111100000000000
00000111111111111111000000000000
00000111111111111110000000000000
00000111111111111110000000000000
00000011111111111101000000000000
00000011111111111111000000000000
00000001111111111111111000000000
00000000011111111111111100000000
00000000011111111111111110000000
00000000001111110000011111100000
00000000001111110000001111100000
00000000011111000000000011100000
00000000011110000000000011100000
00000000011110000000000111100000
00000000111110000000011111100000
00000000011111000000001111110000
00000000011111111111111111100000
00000000011111111111111111000000
00000000001111111111111100000000
00000000000111111111110000000000
00000000000011111100000000000000
00000000000001111000000000000000
8

00000000000000000000000000000000
00000000000000111111110000000000
00000000000001111111111000000000
00000000000111111111111000000000
00000000001111111111111000000000
00000000011111110001111000000000
00000000011111100001111100000000
00000000011111000011110000000000
00000000011110000011110000000000
00000000011110001111100000000000
00000000011111001111110000000000
00000000001111011111100000000000
00000000001111111111000000000000
00000000001111111100000000000000
00000000000111111100000000000000
00000000000011111000000000000000
00000000001111111000000000000000
00000000001111111000000000000000
00000000011111111000000000000000
00000000011111011100000000000000
00000000011100011100000000000000
00000000111000001110000000000000
00000000111000001110000000000000
00000000111100000011100000000000
00000000111100000011100000000000
00000000111100000011100000000000
00000000011100000011100000000000
00000000001110000011110000000000
00000000001111100111110000000000
00000000000111111111100000000000
00000000000011111111000000000000
00000000000001111111000000000000
8

00000000000011111111110000000000
00000000001111111111111100000000
00000000011111111111111110000000
00000001111111111111111110000000
00000011111111111001111110000000
00000111111111000001111110000000
00000111111110000000111111000000
00000111111100000011111111000000
00001111111000001111111110000000
00001111111000111111111110000000
00001111111111111111111110000000
00001111111111111111111110000000
00000111111111111111111100000000
00000001111111111111111100000000
00000000000000011111111000000000
00000000000000011111110000000000
00000000000000111111100000000000
00000000000001111111000000000000
00000000000011111110000000000000
00000000000111111100000000000000
00000000000011111110000000000000
00000000000111111100000000000000
00000000001111111000000000000000
00000000011111110000000000000000
00000000001111100000000000000000
00000000011111000000000000000000
00000000111111000000000000000000
00000000011111100000000000000000
00000000011111000000000000000000
00000000011111100000000000000000
00000000011111100000000000000000
00000000001111100000000000000000
9

00000000000000001111000000000000
00000000000000011111100000000000
00000000000001111111110000000000
00000000000111111111100000000000
00000000001111111111100000000000
00000000011111110001100000000000
00000000111110000000111000000000
00000000111110000000111000000000
00000000111100000001111000000000
00000000111100000001111100000000
00000001111100011111111110000000
00000000111111111111111110000000
00000001111111111111111110000000
00000000111111111111111110000000
00000000011111111100011110000000
00000000000010001000011110000000
00000000000000000000001111000000
00000000000000000000001111000000
00000000000000000000001111000000
00000000000000000000001111000000
00000000000000000000000111000000
00000000000000000000001110000000
00000000000000000000001110000000
00000000000000000000011110000000
00000000000000000000011110000000
00000000000000000000011110000000
00000000000001000000011110000000
00000000000011110000111110000000
00000000000011111111111100000000
00000000000001111111111100000000
00000000000011111111110000000000
00000000000000011111000000000000
9


CONFUSION MATRIX
[0, 0, 0, 0, 0.02778, 0, 0, 0, 0, 0]
[0, 0, 0, 0, 0, 0, 0, 0.02222, 0.06667, 0.02222]
[0, 0.04878, 0, 0, 0, 0, 0, 0, 0.14634, 0.02439]
[0, 0, 0, 0, 0, 0, 0, 0.0303, 0.0303, 0.06061]
[0, 0, 0, 0, 0, 0, 0, 0.01695, 0.10169, 0]
[0, 0.01724, 0, 0, 0, 0, 0, 0, 0.06897, 0.12069]
[0, 0, 0, 0, 0, 0, 0, 0, 0.04651, 0]
[0, 0.02128, 0, 0, 0, 0, 0, 0, 0.06383, 0]
[0, 0, 0, 0, 0, 0, 0, 0, 0, 0]
[0, 0, 0, 0, 0, 0, 0, 0, 0.07143, 0]
